{
 "cells": [
  {
   "cell_type": "markdown",
   "metadata": {},
   "source": [
    "The aim of the sampler is to solve the equation\n",
    "$$f = K \\varphi$$\n",
    "for the variable $\\varphi$ using information about $\\varphi$ smoothness.\n",
    "\n",
    "Let's define data:\n",
    "* K, f - from the equation\n",
    "* data_errors - errors of f components\n",
    "* Omega - matrix of second derivatives of cubic soline basis\n",
    "* alpha - parameter of smoothness (was defined by algo, doesn't matter how)\n",
    "* n - number of $\\varphi$ dimentions\n",
    "* nsamples, nchains - number of samples and chains"
   ]
  },
  {
   "cell_type": "code",
   "execution_count": 1,
   "metadata": {},
   "outputs": [],
   "source": [
    "K = [0.155172 0.206897 0.258614 0.19098 0.0808095 0.00416192 0.0 0.0 0.0 0.0 0.0 0.0 0.0 0.0 0.0 0.0 0.0 0.0 0.0 0.0 0.0 0.0 0.0 0.0 0.0 0.0 0.0 0.0; 0.155172 0.206897 0.258621 0.206888 0.190203 0.0789375 0.00388587 0.0 0.0 0.0 0.0 0.0 0.0 0.0 0.0 0.0 0.0 0.0 0.0 0.0 0.0 0.0 0.0 0.0 0.0 0.0 0.0 0.0; 0.155172 0.206897 0.258621 0.206897 0.20689 0.190983 0.080812 0.00416141 0.0 0.0 0.0 0.0 0.0 0.0 0.0 0.0 0.0 0.0 0.0 0.0 0.0 0.0 0.0 0.0 0.0 0.0 0.0 0.0; 0.155172 0.206897 0.258621 0.206897 0.206897 0.206888 0.190341 0.0792594 0.00393162 0.0 0.0 0.0 0.0 0.0 0.0 0.0 0.0 0.0 0.0 0.0 0.0 0.0 0.0 0.0 0.0 0.0 0.0 0.0; 0.155172 0.206897 0.258621 0.206897 0.206897 0.206897 0.206893 0.191918 0.0831604 0.00452413 0.0 0.0 0.0 0.0 0.0 0.0 0.0 0.0 0.0 0.0 0.0 0.0 0.0 0.0 0.0 0.0 0.0 0.0; 0.15136 0.206751 0.258619 0.206897 0.206897 0.206897 0.206897 0.206889 0.19074 0.0802137 0.00407105 0.0 0.0 0.0 0.0 0.0 0.0 0.0 0.0 0.0 0.0 0.0 0.0 0.0 0.0 0.0 0.0 0.0; 0.0550344 0.168988 0.254552 0.206897 0.206897 0.206897 0.206897 0.206897 0.20689 0.19086 0.0805034 0.00411397 0.0 0.0 0.0 0.0 0.0 0.0 0.0 0.0 0.0 0.0 0.0 0.0 0.0 0.0 0.0 0.0; 0.00290985 0.0630494 0.212037 0.206891 0.206897 0.206897 0.206897 0.206897 0.206897 0.206893 0.191989 0.0833398 0.00455204 0.0 0.0 0.0 0.0 0.0 0.0 0.0 0.0 0.0 0.0 0.0 0.0 0.0 0.0 0.0; 0.0 0.00295516 0.0802893 0.190355 0.206888 0.206897 0.206897 0.206897 0.206897 0.206897 0.206891 0.191459 0.0819866 0.0043392 0.0 0.0 0.0 0.0 0.0 0.0 0.0 0.0 0.0 0.0 0.0 0.0 0.0 0.0; 0.0 0.0 0.00399429 0.0796786 0.190513 0.206889 0.206897 0.206897 0.206897 0.206897 0.206897 0.206891 0.191341 0.0816888 0.00429323 0.0 0.0 0.0 0.0 0.0 0.0 0.0 0.0 0.0 0.0 0.0 0.0 0.0; 0.0 0.0 0.0 0.00393905 0.0793033 0.190357 0.206888 0.206897 0.206897 0.206897 0.206897 0.206897 0.206891 0.191389 0.0818096 0.00431181 0.0 0.0 0.0 0.0 0.0 0.0 0.0 0.0 0.0 0.0 0.0 0.0; 0.0 0.0 0.0 0.0 0.00447308 0.0828318 0.191788 0.206892 0.206897 0.206897 0.206897 0.206897 0.206897 0.206891 0.191351 0.0817139 0.00429713 0.0 0.0 0.0 0.0 0.0 0.0 0.0 0.0 0.0 0.0 0.0; 0.0 0.0 0.0 0.0 0.0 0.0038099 0.07841 0.18998 0.206887 0.206897 0.206897 0.206897 0.206897 0.206897 0.20689 0.190969 0.0807694 0.00415363 0.0 0.0 0.0 0.0 0.0 0.0 0.0 0.0 0.0 0.0; 0.0 0.0 0.0 0.0 0.0 0.0 0.00455322 0.0833415 0.191987 0.206893 0.206897 0.206897 0.206897 0.206897 0.206897 0.206887 0.189962 0.0783613 0.00380193 0.0 0.0 0.0 0.0 0.0 0.0 0.0 0.0 0.0; 0.0 0.0 0.0 0.0 0.0 0.0 0.0 0.00457717 0.0834932 0.192047 0.206893 0.206897 0.206897 0.206897 0.206897 0.206897 0.206889 0.190488 0.0796051 0.00398132 0.0 0.0 0.0 0.0 0.0 0.0 0.0 0.0; 0.0 0.0 0.0 0.0 0.0 0.0 0.0 0.0 0.00398132 0.0796051 0.190488 0.206889 0.206897 0.206897 0.206897 0.206897 0.206897 0.206893 0.192047 0.0834932 0.00457717 0.0 0.0 0.0 0.0 0.0 0.0 0.0; 0.0 0.0 0.0 0.0 0.0 0.0 0.0 0.0 0.0 0.00380193 0.0783613 0.189962 0.206887 0.206897 0.206897 0.206897 0.206897 0.206897 0.206893 0.191987 0.0833415 0.00455322 0.0 0.0 0.0 0.0 0.0 0.0; 0.0 0.0 0.0 0.0 0.0 0.0 0.0 0.0 0.0 0.0 0.00415363 0.0807694 0.190969 0.20689 0.206897 0.206897 0.206897 0.206897 0.206897 0.206887 0.18998 0.07841 0.0038099 0.0 0.0 0.0 0.0 0.0; 0.0 0.0 0.0 0.0 0.0 0.0 0.0 0.0 0.0 0.0 0.0 0.00429713 0.0817139 0.191351 0.206891 0.206897 0.206897 0.206897 0.206897 0.206897 0.206892 0.191788 0.0828318 0.00447308 0.0 0.0 0.0 0.0; 0.0 0.0 0.0 0.0 0.0 0.0 0.0 0.0 0.0 0.0 0.0 0.0 0.00431181 0.0818096 0.191389 0.206891 0.206897 0.206897 0.206897 0.206897 0.206897 0.206888 0.190357 0.0793033 0.00393905 0.0 0.0 0.0; 0.0 0.0 0.0 0.0 0.0 0.0 0.0 0.0 0.0 0.0 0.0 0.0 0.0 0.00429323 0.0816888 0.191341 0.206891 0.206897 0.206897 0.206897 0.206897 0.206897 0.206889 0.190513 0.0796786 0.00399429 0.0 0.0; 0.0 0.0 0.0 0.0 0.0 0.0 0.0 0.0 0.0 0.0 0.0 0.0 0.0 0.0 0.0043392 0.0819866 0.191459 0.206891 0.206897 0.206897 0.206897 0.206897 0.206897 0.206888 0.190355 0.0802893 0.00295516 0.0; 0.0 0.0 0.0 0.0 0.0 0.0 0.0 0.0 0.0 0.0 0.0 0.0 0.0 0.0 0.0 0.00455204 0.0833398 0.191989 0.206893 0.206897 0.206897 0.206897 0.206897 0.206897 0.206891 0.212037 0.0630494 0.00290985; 0.0 0.0 0.0 0.0 0.0 0.0 0.0 0.0 0.0 0.0 0.0 0.0 0.0 0.0 0.0 0.0 0.00411397 0.0805034 0.19086 0.20689 0.206897 0.206897 0.206897 0.206897 0.206897 0.254552 0.168988 0.0550344; 0.0 0.0 0.0 0.0 0.0 0.0 0.0 0.0 0.0 0.0 0.0 0.0 0.0 0.0 0.0 0.0 0.0 0.00407105 0.0802137 0.19074 0.206889 0.206897 0.206897 0.206897 0.206897 0.258619 0.206751 0.15136; 0.0 0.0 0.0 0.0 0.0 0.0 0.0 0.0 0.0 0.0 0.0 0.0 0.0 0.0 0.0 0.0 0.0 0.0 0.00452413 0.0831604 0.191918 0.206893 0.206897 0.206897 0.206897 0.258621 0.206897 0.155172; 0.0 0.0 0.0 0.0 0.0 0.0 0.0 0.0 0.0 0.0 0.0 0.0 0.0 0.0 0.0 0.0 0.0 0.0 0.0 0.00393162 0.0792594 0.190341 0.206888 0.206897 0.206897 0.258621 0.206897 0.155172; 0.0 0.0 0.0 0.0 0.0 0.0 0.0 0.0 0.0 0.0 0.0 0.0 0.0 0.0 0.0 0.0 0.0 0.0 0.0 0.0 0.00416141 0.080812 0.190983 0.20689 0.206897 0.258621 0.206897 0.155172; 0.0 0.0 0.0 0.0 0.0 0.0 0.0 0.0 0.0 0.0 0.0 0.0 0.0 0.0 0.0 0.0 0.0 0.0 0.0 0.0 0.0 0.00388587 0.0789375 0.190203 0.206888 0.258621 0.206897 0.155172; 0.0 0.0 0.0 0.0 0.0 0.0 0.0 0.0 0.0 0.0 0.0 0.0 0.0 0.0 0.0 0.0 0.0 0.0 0.0 0.0 0.0 0.0 0.00416192 0.0808095 0.19098 0.258614 0.206897 0.155172];"
   ]
  },
  {
   "cell_type": "code",
   "execution_count": 2,
   "metadata": {},
   "outputs": [],
   "source": [
    "f = [0.0356652, 0.0772225, 0.266492, 0.615017, 1.45675, 2.63238, 3.06826, 3.37968, 3.99876, 3.74221, 3.77744, 3.99629, 3.95988, 4.35558, 2.96737, 2.78706, 2.27884, 2.16892, 1.99724, 1.63735, 2.21438, 1.53833, 1.8194, 1.20759, 0.684022, 0.724012, 0.456292, 0.267196, 0.106034, 0.0366713];"
   ]
  },
  {
   "cell_type": "code",
   "execution_count": 3,
   "metadata": {},
   "outputs": [],
   "source": [
    "data_errors = [0.0124837, 0.0194787, 0.0385557, 0.0785984, 0.143289, 0.223748, 0.300799, 0.357687, 0.390272, 0.405167, 0.410767, 0.410421, 0.400855, 0.37591, 0.334419, 0.285563, 0.244013, 0.218802, 0.208222, 0.204477, 0.200134, 0.190431, 0.172834, 0.147032, 0.11549, 0.0830157, 0.0548019, 0.0340966, 0.0212629, 0.0145437];\n",
    "data_errors = cat(data_errors...; dims=(1,2));"
   ]
  },
  {
   "cell_type": "code",
   "execution_count": 4,
   "metadata": {},
   "outputs": [],
   "source": [
    "alpha = 0.0975087;"
   ]
  },
  {
   "cell_type": "code",
   "execution_count": 5,
   "metadata": {},
   "outputs": [],
   "source": [
    "Omega = [395.192 -131.731 -31.3645 12.5458 0.0 0.0 0.0 0.0 0.0 0.0 0.0 0.0 0.0 0.0 0.0 0.0 0.0 0.0 0.0 0.0 0.0 0.0 0.0 0.0 0.0 0.0 0.0 0.0; -131.731 150.549 -86.2523 6.27289 14.114 0.0 0.0 0.0 0.0 0.0 0.0 0.0 0.0 0.0 0.0 0.0 0.0 0.0 0.0 0.0 0.0 0.0 0.0 0.0 0.0 0.0 0.0 0.0; -31.3645 -86.2523 235.233 -169.368 4.70467 18.8187 0.0 0.0 0.0 0.0 0.0 0.0 0.0 0.0 0.0 0.0 0.0 0.0 0.0 0.0 0.0 0.0 0.0 0.0 0.0 0.0 0.0 0.0; 12.5458 6.27289 -169.368 301.099 -169.368 0.0 18.8187 0.0 0.0 0.0 0.0 0.0 0.0 0.0 0.0 0.0 0.0 0.0 0.0 0.0 0.0 0.0 0.0 0.0 0.0 0.0 0.0 0.0; 0.0 14.114 4.70467 -169.368 301.099 -169.368 0.0 18.8187 0.0 0.0 0.0 0.0 0.0 0.0 0.0 0.0 0.0 0.0 0.0 0.0 0.0 0.0 0.0 0.0 0.0 0.0 0.0 0.0; 0.0 0.0 18.8187 0.0 -169.368 301.099 -169.368 0.0 18.8187 0.0 0.0 0.0 0.0 0.0 0.0 0.0 0.0 0.0 0.0 0.0 0.0 0.0 0.0 0.0 0.0 0.0 0.0 0.0; 0.0 0.0 0.0 18.8187 0.0 -169.368 301.099 -169.368 0.0 18.8187 0.0 0.0 0.0 0.0 0.0 0.0 0.0 0.0 0.0 0.0 0.0 0.0 0.0 0.0 0.0 0.0 0.0 0.0; 0.0 0.0 0.0 0.0 18.8187 0.0 -169.368 301.099 -169.368 -7.27596e-12 18.8187 0.0 0.0 0.0 0.0 0.0 0.0 0.0 0.0 0.0 0.0 0.0 0.0 0.0 0.0 0.0 0.0 0.0; 0.0 0.0 0.0 0.0 0.0 18.8187 0.0 -169.368 301.099 -169.368 1.45519e-11 18.8187 0.0 0.0 0.0 0.0 0.0 0.0 0.0 0.0 0.0 0.0 0.0 0.0 0.0 0.0 0.0 0.0; 0.0 0.0 0.0 0.0 0.0 0.0 18.8187 -7.27596e-12 -169.368 301.099 -169.368 -1.45519e-11 18.8187 0.0 0.0 0.0 0.0 0.0 0.0 0.0 0.0 0.0 0.0 0.0 0.0 0.0 0.0 0.0; 0.0 0.0 0.0 0.0 0.0 0.0 0.0 18.8187 1.45519e-11 -169.368 301.099 -169.368 5.82077e-11 18.8187 0.0 0.0 0.0 0.0 0.0 0.0 0.0 0.0 0.0 0.0 0.0 0.0 0.0 0.0; 0.0 0.0 0.0 0.0 0.0 0.0 0.0 0.0 18.8187 -1.45519e-11 -169.368 301.099 -169.368 -1.16415e-10 18.8187 0.0 0.0 0.0 0.0 0.0 0.0 0.0 0.0 0.0 0.0 0.0 0.0 0.0; 0.0 0.0 0.0 0.0 0.0 0.0 0.0 0.0 0.0 18.8187 5.82077e-11 -169.368 301.099 -169.368 -1.74623e-10 18.8187 0.0 0.0 0.0 0.0 0.0 0.0 0.0 0.0 0.0 0.0 0.0 0.0; 0.0 0.0 0.0 0.0 0.0 0.0 0.0 0.0 0.0 0.0 18.8187 -1.16415e-10 -169.368 301.099 -169.368 -1.74623e-10 18.8187 0.0 0.0 0.0 0.0 0.0 0.0 0.0 0.0 0.0 0.0 0.0; 0.0 0.0 0.0 0.0 0.0 0.0 0.0 0.0 0.0 0.0 0.0 18.8187 -1.74623e-10 -169.368 301.099 -169.368 1.16415e-10 18.8187 0.0 0.0 0.0 0.0 0.0 0.0 0.0 0.0 0.0 0.0; 0.0 0.0 0.0 0.0 0.0 0.0 0.0 0.0 0.0 0.0 0.0 0.0 18.8187 -1.74623e-10 -169.368 301.099 -169.368 1.16415e-10 18.8187 0.0 0.0 0.0 0.0 0.0 0.0 0.0 0.0 0.0; 0.0 0.0 0.0 0.0 0.0 0.0 0.0 0.0 0.0 0.0 0.0 0.0 0.0 18.8187 1.16415e-10 -169.368 301.099 -169.368 -2.32831e-10 18.8187 0.0 0.0 0.0 0.0 0.0 0.0 0.0 0.0; 0.0 0.0 0.0 0.0 0.0 0.0 0.0 0.0 0.0 0.0 0.0 0.0 0.0 0.0 18.8187 1.16415e-10 -169.368 301.099 -169.368 2.32831e-10 18.8187 0.0 0.0 0.0 0.0 0.0 0.0 0.0; 0.0 0.0 0.0 0.0 0.0 0.0 0.0 0.0 0.0 0.0 0.0 0.0 0.0 0.0 0.0 18.8187 -2.32831e-10 -169.368 301.099 -169.368 0.0 18.8187 0.0 0.0 0.0 0.0 0.0 0.0; 0.0 0.0 0.0 0.0 0.0 0.0 0.0 0.0 0.0 0.0 0.0 0.0 0.0 0.0 0.0 0.0 18.8187 2.32831e-10 -169.368 301.099 -169.368 3.49246e-10 18.8187 0.0 0.0 0.0 0.0 0.0; 0.0 0.0 0.0 0.0 0.0 0.0 0.0 0.0 0.0 0.0 0.0 0.0 0.0 0.0 0.0 0.0 0.0 18.8187 0.0 -169.368 301.099 -169.368 4.65661e-10 18.8187 0.0 0.0 0.0 0.0; 0.0 0.0 0.0 0.0 0.0 0.0 0.0 0.0 0.0 0.0 0.0 0.0 0.0 0.0 0.0 0.0 0.0 0.0 18.8187 3.49246e-10 -169.368 301.099 -169.368 0.0 18.8187 0.0 0.0 0.0; 0.0 0.0 0.0 0.0 0.0 0.0 0.0 0.0 0.0 0.0 0.0 0.0 0.0 0.0 0.0 0.0 0.0 0.0 0.0 18.8187 4.65661e-10 -169.368 301.099 -169.368 0.0 18.8187 0.0 0.0; 0.0 0.0 0.0 0.0 0.0 0.0 0.0 0.0 0.0 0.0 0.0 0.0 0.0 0.0 0.0 0.0 0.0 0.0 0.0 0.0 18.8187 0.0 -169.368 301.099 -169.368 4.70467 14.114 0.0; 0.0 0.0 0.0 0.0 0.0 0.0 0.0 0.0 0.0 0.0 0.0 0.0 0.0 0.0 0.0 0.0 0.0 0.0 0.0 0.0 0.0 18.8187 0.0 -169.368 301.099 -169.368 6.27289 12.5458; 0.0 0.0 0.0 0.0 0.0 0.0 0.0 0.0 0.0 0.0 0.0 0.0 0.0 0.0 0.0 0.0 0.0 0.0 0.0 0.0 0.0 0.0 18.8187 4.70467 -169.368 235.233 -86.2523 -31.3645; 0.0 0.0 0.0 0.0 0.0 0.0 0.0 0.0 0.0 0.0 0.0 0.0 0.0 0.0 0.0 0.0 0.0 0.0 0.0 0.0 0.0 0.0 0.0 14.114 6.27289 -86.2523 150.549 -131.731; 0.0 0.0 0.0 0.0 0.0 0.0 0.0 0.0 0.0 0.0 0.0 0.0 0.0 0.0 0.0 0.0 0.0 0.0 0.0 0.0 0.0 0.0 0.0 0.0 12.5458 -31.3645 -131.731 395.192];"
   ]
  },
  {
   "cell_type": "code",
   "execution_count": 6,
   "metadata": {},
   "outputs": [],
   "source": [
    "n = 28\n",
    "nsamples = 1000\n",
    "nchains = 2;"
   ]
  },
  {
   "cell_type": "markdown",
   "metadata": {},
   "source": [
    "Analytical solition and its errors:"
   ]
  },
  {
   "cell_type": "code",
   "execution_count": 7,
   "metadata": {},
   "outputs": [],
   "source": [
    "solution = [-0.114918, -0.263963, -0.126543, 0.149243, 0.597066, 1.21098, 1.90625, 2.51396, 2.86593, 2.88429, 2.61754, 2.18179, 1.70873, 1.31036, 1.05513, 0.947408, 0.943754, 0.988923, 1.03219, 1.04287, 0.999355, 0.881004, 0.688533, 0.449531, 0.200901, -0.00395105, -0.159443, -0.0753466];\n",
    "solution_errors = [0.0324734 0.0238695 -0.00121989 -0.0152815 -0.0187007 -0.0142466 -0.00699787 -0.000201054 0.00455293 0.00677401 0.00664412 0.00481315 0.00219734 -0.000293432 -0.00200308 -0.0026576 -0.0023534 -0.0014427 -0.00036992 0.000486449 0.000919912 0.000925679 0.000651962 0.00028656 -4.99165e-5 -0.00028521 -0.000370273 -0.000153588; 0.0238695 0.0810686 0.00339538 -0.0296514 -0.0417879 -0.0335217 -0.0180327 -0.0027111 0.00843498 0.0141325 0.0146381 0.0112174 0.00574579 0.000211402 -0.00384227 -0.0056625 -0.00532286 -0.00351138 -0.00118338 0.000794833 0.00190233 0.00205761 0.00153815 0.000744413 -4.13839e-5 -0.000625737 -0.000880461 -0.000371597; -0.00121989 0.00339538 0.0371901 0.0065584 -0.0128428 -0.0207295 -0.0182659 -0.011271 -0.00350614 0.00268903 0.00632076 0.00727627 0.00604383 0.00349806 0.000659641 -0.00159903 -0.0027736 -0.00279932 -0.0019727 -0.000780492 0.00029513 0.000933501 0.00105234 0.00076564 0.000258083 -0.000251318 -0.000628096 -0.000288819; -0.0152815 -0.0296514 0.0065584 0.0461788 0.0258343 0.00714154 -0.00754009 -0.0139753 -0.0143855 -0.0109558 -0.00588292 -0.000835328 0.00299364 0.00494197 0.00495109 0.00351554 0.00143836 -0.0004785 -0.00167911 -0.00197779 -0.00154238 -0.000761403 -4.56021e-5 0.000356467 0.000424037 0.000279444 -1.19627e-5 -4.00681e-5; -0.0187007 -0.0417879 -0.0128428 0.0258343 0.068198 0.0429202 0.0159621 -0.0071698 -0.0197918 -0.0230799 -0.0193985 -0.0118812 -0.0034536 0.00351504 0.00756154 0.00832194 0.00644353 0.00319509 -5.09093e-5 -0.00227637 -0.0030741 -0.00264919 -0.0015894 -0.000486408 0.000358464 0.000841097 0.000880956 0.000345681; -0.0142466 -0.0335217 -0.0207295 0.00714154 0.0429202 0.079353 0.0485723 0.0162473 -0.0111154 -0.025878 -0.0290632 -0.0235861 -0.0135237 -0.0027362 0.00577262 0.0103027 0.010611 0.0077192 0.00336015 -0.000712812 -0.00329571 -0.00401531 -0.00325996 -0.00176374 -0.000120243 0.0011973 0.00188374 0.000812256; -0.00699787 -0.0180327 -0.0182659 -0.00754009 0.0159621 0.0485723 0.0843391 0.0522147 0.0174709 -0.0122597 -0.0284066 -0.0316852 -0.025314 -0.0139445 -0.00197427 0.00723372 0.0118451 0.0117104 0.00810077 0.00305267 -0.00142972 -0.004032 -0.00444824 -0.00318824 -0.00103634 0.00109622 0.00264962 0.0012139; -0.000201054 -0.0027111 -0.011271 -0.0139753 -0.0071698 0.0162473 0.0522147 0.0904107 0.058091 0.0212772 -0.0110004 -0.0290683 -0.0332242 -0.0267899 -0.0147673 -0.00198398 0.00782307 0.0126108 0.0122209 0.00811773 0.00264609 -0.00191819 -0.00419845 -0.00403032 -0.00211741 0.000333752 0.00260639 0.00128448; 0.00455293 0.00843498 -0.00350614 -0.0143855 -0.0197918 -0.0111154 0.0174709 0.058091 0.098143 0.0648312 0.0253949 -0.00970081 -0.0298552 -0.0350254 -0.0286072 -0.0159571 -0.00236437 0.00803372 0.012974 0.012356 0.00793881 0.00242619 -0.00175707 -0.00343688 -0.00283989 -0.00106199 0.00127369 0.00077654; 0.00677401 0.0141325 0.00268903 -0.0109558 -0.0230799 -0.025878 -0.0122597 0.0212772 0.0648312 0.105111 0.0699476 0.027819 -0.00973599 -0.0315002 -0.0372365 -0.0305152 -0.0170898 -0.00270151 0.00816841 0.0131783 0.0124302 0.00802394 0.00285213 -0.000907333 -0.00263397 -0.00273429 -0.00139176 -0.000374944; 0.00664412 0.0146381 0.00632076 -0.00588292 -0.0193985 -0.0290632 -0.0284066 -0.0110004 0.0253949 0.0699476 0.109376 0.0722484 0.0279533 -0.011281 -0.0338609 -0.0395231 -0.0320902 -0.0177271 -0.00257848 0.00866565 0.0137147 0.0129031 0.00853722 0.00331614 -0.00115114 -0.00404752 -0.00480492 -0.00194968; 0.00481315 0.0112174 0.00727627 -0.000835328 -0.0118812 -0.0235861 -0.0316852 -0.0290683 -0.00970081 0.027819 0.0722484 0.110522 0.071813 0.0261248 -0.0138618 -0.0363712 -0.0412441 -0.0326504 -0.0171997 -0.00138586 0.00996864 0.014661 0.0132615 0.00809037 0.00149544 -0.00427517 -0.00779015 -0.00343921; 0.00219734 0.00574579 0.00604383 0.00299364 -0.0034536 -0.0135237 -0.025314 -0.0332242 -0.0298552 -0.00973599 0.0279533 0.071813 0.109076 0.0693903 0.0232004 -0.0165388 -0.0380394 -0.0414327 -0.0313751 -0.0149832 0.000908237 0.0114221 0.0146645 0.0115854 0.00461882 -0.00289969 -0.00890461 -0.00417504; -0.000293432 0.000211402 0.00349806 0.00494197 0.00351504 -0.0027362 -0.0139445 -0.0267899 -0.0350254 -0.0315002 -0.011281 0.0261248 0.0693903 0.106059 0.0661445 0.0203963 -0.0181342 -0.0378812 -0.0394726 -0.0282107 -0.0117688 0.00281801 0.0110701 0.0119246 0.00708613 7.02818e-5 -0.00701655 -0.00358194; -0.00200308 -0.00384227 0.000659641 0.00495109 0.00756154 0.00577262 -0.00197427 -0.0147673 -0.0286072 -0.0372365 -0.0338609 -0.0138618 0.0232004 0.0661445 0.102754 0.0633123 0.0187285 -0.0180488 -0.0358645 -0.0360359 -0.024596 -0.00958274 0.00238043 0.00802983 0.00770838 0.00394224 -0.00191746 -0.00146548; -0.0026576 -0.0056625 -0.00159903 0.00351554 0.00832194 0.0103027 0.00723372 -0.00198398 -0.0159571 -0.0305152 -0.0395231 -0.0363712 -0.0165388 0.0203963 0.0633123 0.100159 0.0614221 0.0181031 -0.0170237 -0.0333541 -0.0329895 -0.0225004 -0.00966336 0.000239903 0.00576533 0.00747846 0.00533176 0.00179679; -0.0023534 -0.00532286 -0.0027736 0.00143836 0.00644353 0.010611 0.0118451 0.00782307 -0.00236437 -0.0170898 -0.0320902 -0.0412441 -0.0380394 -0.0181342 0.0187285 0.0614221 0.0981009 0.0595835 0.0170867 -0.0167908 -0.0320726 -0.0315265 -0.0218146 -0.00966939 0.00137462 0.00930803 0.0125412 0.00526851; -0.0014427 -0.00351138 -0.00279932 -0.0004785 0.00319509 0.0077192 0.0117104 0.0126108 0.00803372 -0.00270151 -0.0177271 -0.0326504 -0.0414327 -0.0378812 -0.0180488 0.0181031 0.0595835 0.0950701 0.0560437 0.0141249 -0.0182878 -0.0318694 -0.0299681 -0.0189681 -0.00455969 0.00841585 0.0170847 0.00771951; -0.00036992 -0.00118338 -0.0019727 -0.00167911 -5.09093e-5 0.00336015 0.00810077 0.0122209 0.012974 0.00816841 -0.00257848 -0.0171997 -0.0313751 -0.0394726 -0.0358645 -0.0170237 0.0170867 0.0560437 0.0895034 0.049965 0.00950979 -0.0198532 -0.029814 -0.0245328 -0.0106474 0.00439943 0.0168447 0.00805685; 0.000486449 0.000794833 -0.000780492 -0.00197779 -0.00227637 -0.000712812 0.00305267 0.00811773 0.012356 0.0131783 0.00866565 -0.00138586 -0.0149832 -0.0282107 -0.0360359 -0.0333541 -0.0167908 0.0141249 0.049965 0.0817449 0.0430856 0.00621019 -0.0180028 -0.0231163 -0.0151486 -0.00245408 0.0107747 0.0056899; 0.000919912 0.00190233 0.00029513 -0.00154238 -0.0030741 -0.00329571 -0.00142972 0.00264609 0.00793881 0.0124302 0.0137147 0.00996864 0.000908237 -0.0117688 -0.024596 -0.0329895 -0.0320726 -0.0182878 0.00950979 0.0430856 0.0748326 0.0390805 0.0073056 -0.0120426 -0.0157685 -0.0109758 -0.000997057 0.000632736; 0.000925679 0.00205761 0.000933501 -0.000761403 -0.00264919 -0.00401531 -0.004032 -0.00191819 0.00242619 0.00802394 0.0129031 0.014661 0.0114221 0.00281801 -0.00958274 -0.0225004 -0.0315265 -0.0318694 -0.0198532 0.00621019 0.0390805 0.0720459 0.0393796 0.010446 -0.0100196 -0.0186091 -0.0169039 -0.00645543; 0.000651962 0.00153815 0.00105234 -4.56021e-5 -0.0015894 -0.00325996 -0.00444824 -0.00419845 -0.00175707 0.00285213 0.00853722 0.0132615 0.0146645 0.0110701 0.00238043 -0.00966336 -0.0218146 -0.0299681 -0.029814 -0.0180028 0.0073056 0.0393796 0.0718771 0.0380698 0.00472577 -0.0212668 -0.0326907 -0.0138548; 0.00028656 0.000744413 0.00076564 0.000356467 -0.000486408 -0.00176374 -0.00318824 -0.00403032 -0.00343688 -0.000907333 0.00331614 0.00809037 0.0115854 0.0119246 0.00802983 0.000239903 -0.00966939 -0.0189681 -0.0245328 -0.0231163 -0.0120426 0.010446 0.0380698 0.0649119 0.024278 -0.0129133 -0.0407606 -0.0182319; -4.99165e-5 -4.13839e-5 0.000258083 0.000424037 0.000358464 -0.000120243 -0.00103634 -0.00211741 -0.00283989 -0.00263397 -0.00115114 0.00149544 0.00461882 0.00708613 0.00770838 0.00576533 0.00137462 -0.00455969 -0.0106474 -0.0151486 -0.0157685 -0.0100196 0.00472577 0.024278 0.0458331 0.00726301 -0.0282785 -0.0146715; -0.00028521 -0.000625737 -0.000251318 0.000279444 0.000841097 0.0011973 0.00109622 0.000333752 -0.00106199 -0.00273429 -0.00404752 -0.00427517 -0.00289969 7.02818e-5 0.00394224 0.00747846 0.00930803 0.00841585 0.00439943 -0.00245408 -0.0109758 -0.0186091 -0.0212668 -0.0129133 0.00726301 0.0383967 0.00468169 -0.00066879; -0.000370273 -0.000880461 -0.000628096 -1.19627e-5 0.000880956 0.00188374 0.00264962 0.00260639 0.00127369 -0.00139176 -0.00480492 -0.00779015 -0.00890461 -0.00701655 -0.00191746 0.00533176 0.0125412 0.0170847 0.0168447 0.0107747 -0.000997057 -0.0169039 -0.0326907 -0.0407606 -0.0282785 0.00468169 0.0817809 0.024127; -0.000153588 -0.000371597 -0.000288819 -4.00681e-5 0.000345681 0.000812256 0.0012139 0.00128448 0.00077654 -0.000374944 -0.00194968 -0.00343921 -0.00417504 -0.00358194 -0.00146548 0.00179679 0.00526851 0.00771951 0.00805685 0.0056899 0.000632736 -0.00645543 -0.0138548 -0.0182319 -0.0146715 -0.00066879 0.024127 0.0325525];\n",
    "solution_errors_arr = [sqrt(solution_errors[i, i]) for i in range(1, stop=n)];"
   ]
  },
  {
   "cell_type": "code",
   "execution_count": 8,
   "metadata": {},
   "outputs": [],
   "source": [
    "using LinearAlgebra\n",
    "makesym(A) = (transpose(A) + A) / 2\n",
    "safe_inv(A) = makesym(pinv(A));"
   ]
  },
  {
   "cell_type": "code",
   "execution_count": 16,
   "metadata": {},
   "outputs": [],
   "source": [
    "sig = alpha * Omega\n",
    "sig_inv = safe_inv(sig)\n",
    "data_errors_inv = safe_inv(data_errors);"
   ]
  },
  {
   "cell_type": "code",
   "execution_count": 29,
   "metadata": {},
   "outputs": [
    {
     "data": {
      "text/plain": [
       "#33 (generic function with 1 method)"
      ]
     },
     "execution_count": 29,
     "metadata": {},
     "output_type": "execute_result"
    }
   ],
   "source": [
    "using Distributions\n",
    "\n",
    "likelihood = let K=K, data_errors_inv=data_errors_inv, f=f\n",
    "    phi -> begin\n",
    "        mu = K * phi\n",
    "        return -1/2 * transpose(f - mu) * data_errors_inv * (f - mu)\n",
    "    end\n",
    "end\n",
    "    \n",
    "prior = let sig_inv=sig_inv\n",
    "    phi -> begin\n",
    "        mu = zeros(length(phi))\n",
    "        return -1/2 * transpose(phi - mu) * sig * (phi - mu)\n",
    "    end\n",
    "end"
   ]
  },
  {
   "cell_type": "markdown",
   "metadata": {},
   "source": [
    "# BAT sampling"
   ]
  },
  {
   "cell_type": "markdown",
   "metadata": {},
   "source": [
    "## note that it errors with prior defined as bat_prior_ERR"
   ]
  },
  {
   "cell_type": "code",
   "execution_count": 30,
   "metadata": {},
   "outputs": [
    {
     "name": "stderr",
     "output_type": "stream",
     "text": [
      "┌ Info: Trying to generate 2 viable MCMC chain(s).\n",
      "└ @ BAT /Users/ta_nyan/.julia/packages/BAT/YpnQS/src/samplers/mcmc/mcmc_tuner.jl:206\n",
      "┌ Info: Selected 2 MCMC chain(s).\n",
      "└ @ BAT /Users/ta_nyan/.julia/packages/BAT/YpnQS/src/samplers/mcmc/mcmc_tuner.jl:317\n",
      "┌ Info: Begin tuning of 2 MCMC chain(s).\n",
      "└ @ BAT /Users/ta_nyan/.julia/packages/BAT/YpnQS/src/samplers/mcmc/mcmc_tuner.jl:72\n",
      "┌ Info: MCMC Tuning cycle 1 finished, 2 chains, 0 tuned, 0 converged.\n",
      "└ @ BAT /Users/ta_nyan/.julia/packages/BAT/YpnQS/src/samplers/mcmc/mcmc_tuner.jl:105\n",
      "┌ Info: MCMC Tuning cycle 2 finished, 2 chains, 0 tuned, 0 converged.\n",
      "└ @ BAT /Users/ta_nyan/.julia/packages/BAT/YpnQS/src/samplers/mcmc/mcmc_tuner.jl:105\n",
      "┌ Info: MCMC Tuning cycle 3 finished, 2 chains, 0 tuned, 0 converged.\n",
      "└ @ BAT /Users/ta_nyan/.julia/packages/BAT/YpnQS/src/samplers/mcmc/mcmc_tuner.jl:105\n",
      "┌ Info: MCMC Tuning cycle 4 finished, 2 chains, 0 tuned, 0 converged.\n",
      "└ @ BAT /Users/ta_nyan/.julia/packages/BAT/YpnQS/src/samplers/mcmc/mcmc_tuner.jl:105\n",
      "┌ Info: MCMC Tuning cycle 5 finished, 2 chains, 0 tuned, 0 converged.\n",
      "└ @ BAT /Users/ta_nyan/.julia/packages/BAT/YpnQS/src/samplers/mcmc/mcmc_tuner.jl:105\n",
      "┌ Info: MCMC Tuning cycle 6 finished, 2 chains, 1 tuned, 0 converged.\n",
      "└ @ BAT /Users/ta_nyan/.julia/packages/BAT/YpnQS/src/samplers/mcmc/mcmc_tuner.jl:105\n",
      "┌ Info: MCMC Tuning cycle 7 finished, 2 chains, 1 tuned, 0 converged.\n",
      "└ @ BAT /Users/ta_nyan/.julia/packages/BAT/YpnQS/src/samplers/mcmc/mcmc_tuner.jl:105\n",
      "┌ Info: MCMC Tuning cycle 8 finished, 2 chains, 1 tuned, 0 converged.\n",
      "└ @ BAT /Users/ta_nyan/.julia/packages/BAT/YpnQS/src/samplers/mcmc/mcmc_tuner.jl:105\n",
      "┌ Info: MCMC Tuning cycle 9 finished, 2 chains, 1 tuned, 0 converged.\n",
      "└ @ BAT /Users/ta_nyan/.julia/packages/BAT/YpnQS/src/samplers/mcmc/mcmc_tuner.jl:105\n",
      "┌ Info: MCMC Tuning cycle 10 finished, 2 chains, 0 tuned, 0 converged.\n",
      "└ @ BAT /Users/ta_nyan/.julia/packages/BAT/YpnQS/src/samplers/mcmc/mcmc_tuner.jl:105\n",
      "┌ Info: MCMC Tuning cycle 11 finished, 2 chains, 0 tuned, 0 converged.\n",
      "└ @ BAT /Users/ta_nyan/.julia/packages/BAT/YpnQS/src/samplers/mcmc/mcmc_tuner.jl:105\n",
      "┌ Info: MCMC Tuning cycle 12 finished, 2 chains, 1 tuned, 0 converged.\n",
      "└ @ BAT /Users/ta_nyan/.julia/packages/BAT/YpnQS/src/samplers/mcmc/mcmc_tuner.jl:105\n",
      "┌ Info: MCMC Tuning cycle 13 finished, 2 chains, 2 tuned, 0 converged.\n",
      "└ @ BAT /Users/ta_nyan/.julia/packages/BAT/YpnQS/src/samplers/mcmc/mcmc_tuner.jl:105\n",
      "┌ Info: MCMC Tuning cycle 14 finished, 2 chains, 1 tuned, 0 converged.\n",
      "└ @ BAT /Users/ta_nyan/.julia/packages/BAT/YpnQS/src/samplers/mcmc/mcmc_tuner.jl:105\n",
      "┌ Info: MCMC Tuning cycle 15 finished, 2 chains, 2 tuned, 0 converged.\n",
      "└ @ BAT /Users/ta_nyan/.julia/packages/BAT/YpnQS/src/samplers/mcmc/mcmc_tuner.jl:105\n",
      "┌ Info: MCMC Tuning cycle 16 finished, 2 chains, 2 tuned, 0 converged.\n",
      "└ @ BAT /Users/ta_nyan/.julia/packages/BAT/YpnQS/src/samplers/mcmc/mcmc_tuner.jl:105\n",
      "┌ Info: MCMC Tuning cycle 17 finished, 2 chains, 1 tuned, 0 converged.\n",
      "└ @ BAT /Users/ta_nyan/.julia/packages/BAT/YpnQS/src/samplers/mcmc/mcmc_tuner.jl:105\n",
      "┌ Info: MCMC Tuning cycle 18 finished, 2 chains, 1 tuned, 0 converged.\n",
      "└ @ BAT /Users/ta_nyan/.julia/packages/BAT/YpnQS/src/samplers/mcmc/mcmc_tuner.jl:105\n",
      "┌ Info: MCMC Tuning cycle 19 finished, 2 chains, 1 tuned, 0 converged.\n",
      "└ @ BAT /Users/ta_nyan/.julia/packages/BAT/YpnQS/src/samplers/mcmc/mcmc_tuner.jl:105\n",
      "┌ Info: MCMC Tuning cycle 20 finished, 2 chains, 1 tuned, 0 converged.\n",
      "└ @ BAT /Users/ta_nyan/.julia/packages/BAT/YpnQS/src/samplers/mcmc/mcmc_tuner.jl:105\n",
      "┌ Info: MCMC Tuning cycle 21 finished, 2 chains, 1 tuned, 0 converged.\n",
      "└ @ BAT /Users/ta_nyan/.julia/packages/BAT/YpnQS/src/samplers/mcmc/mcmc_tuner.jl:105\n",
      "┌ Info: MCMC Tuning cycle 22 finished, 2 chains, 2 tuned, 0 converged.\n",
      "└ @ BAT /Users/ta_nyan/.julia/packages/BAT/YpnQS/src/samplers/mcmc/mcmc_tuner.jl:105\n",
      "┌ Info: MCMC Tuning cycle 23 finished, 2 chains, 2 tuned, 0 converged.\n",
      "└ @ BAT /Users/ta_nyan/.julia/packages/BAT/YpnQS/src/samplers/mcmc/mcmc_tuner.jl:105\n",
      "┌ Info: MCMC Tuning cycle 24 finished, 2 chains, 1 tuned, 0 converged.\n",
      "└ @ BAT /Users/ta_nyan/.julia/packages/BAT/YpnQS/src/samplers/mcmc/mcmc_tuner.jl:105\n",
      "┌ Info: MCMC Tuning cycle 25 finished, 2 chains, 2 tuned, 0 converged.\n",
      "└ @ BAT /Users/ta_nyan/.julia/packages/BAT/YpnQS/src/samplers/mcmc/mcmc_tuner.jl:105\n",
      "┌ Info: MCMC Tuning cycle 26 finished, 2 chains, 1 tuned, 0 converged.\n",
      "└ @ BAT /Users/ta_nyan/.julia/packages/BAT/YpnQS/src/samplers/mcmc/mcmc_tuner.jl:105\n",
      "┌ Info: MCMC Tuning cycle 27 finished, 2 chains, 2 tuned, 0 converged.\n",
      "└ @ BAT /Users/ta_nyan/.julia/packages/BAT/YpnQS/src/samplers/mcmc/mcmc_tuner.jl:105\n",
      "┌ Info: MCMC Tuning cycle 28 finished, 2 chains, 1 tuned, 0 converged.\n",
      "└ @ BAT /Users/ta_nyan/.julia/packages/BAT/YpnQS/src/samplers/mcmc/mcmc_tuner.jl:105\n",
      "┌ Info: MCMC Tuning cycle 29 finished, 2 chains, 1 tuned, 0 converged.\n",
      "└ @ BAT /Users/ta_nyan/.julia/packages/BAT/YpnQS/src/samplers/mcmc/mcmc_tuner.jl:105\n",
      "┌ Info: MCMC Tuning cycle 30 finished, 2 chains, 2 tuned, 0 converged.\n",
      "└ @ BAT /Users/ta_nyan/.julia/packages/BAT/YpnQS/src/samplers/mcmc/mcmc_tuner.jl:105\n",
      "┌ Warning: MCMC tuning of 2 chains aborted after 30 cycle(s).\n",
      "└ @ BAT /Users/ta_nyan/.julia/packages/BAT/YpnQS/src/samplers/mcmc/mcmc_tuner.jl:115\n"
     ]
    }
   ],
   "source": [
    "using BAT, ValueShapes\n",
    "\n",
    "bat_likelihood = let K=K, data_errors_inv=data_errors_inv, f=f\n",
    "        phi -> LogDVal(likelihood(phi.phi))\n",
    "    end\n",
    "\n",
    "\n",
    "# bat_prior_ERR = let sig_inv=sig_inv\n",
    "#         phi -> LogDVal(prior(phi.phi))\n",
    "#     end\n",
    "bat_prior = NamedTupleDist(phi = MvNormal(zeros(n), sig_inv))\n",
    "\n",
    "posterior = BAT.PosteriorDensity(bat_likelihood, bat_prior)\n",
    "\n",
    "samples = BAT.bat_sample(posterior, (nsamples, nchains), MetropolisHastings()).result;\n",
    "\n",
    "samples_mode = BAT.mode(samples).phi\n",
    "\n",
    "samples_cov = BAT.cov(unshaped.(samples));\n",
    "samples_cov_arr = [sqrt(samples_cov[i, i]) for i in range(1, stop=n)];"
   ]
  },
  {
   "cell_type": "code",
   "execution_count": 31,
   "metadata": {},
   "outputs": [
    {
     "data": {
      "application/vnd.plotly.v1+json": {
       "data": [
        {
         "colorbar": {
          "title": ""
         },
         "fill": "tozeroy",
         "fillcolor": "rgba(0, 154, 250, 0.300)",
         "hoverinfo": "text",
         "legendgroup": "Sampled",
         "line": {
          "color": "rgba(0, 154, 250, 1.000)",
          "dash": "solid",
          "shape": "linear",
          "width": 0
         },
         "mode": "lines",
         "name": "Sampled",
         "showlegend": false,
         "text": [
          null,
          null,
          null,
          null,
          null,
          null,
          null,
          null,
          null,
          null,
          null,
          null,
          null,
          null,
          null,
          null,
          null,
          null,
          null,
          null,
          null,
          null,
          null,
          null,
          null,
          null,
          null,
          null
         ],
         "type": "scatter",
         "x": [
          1,
          2,
          3,
          4,
          5,
          6,
          7,
          8,
          9,
          10,
          11,
          12,
          13,
          14,
          15,
          16,
          17,
          18,
          19,
          20,
          21,
          22,
          23,
          24,
          25,
          26,
          27,
          28,
          28,
          27,
          26,
          25,
          24,
          23,
          22,
          21,
          20,
          19,
          18,
          17,
          16,
          15,
          14,
          13,
          12,
          11,
          10,
          9,
          8,
          7,
          6,
          5,
          4,
          3,
          2,
          1
         ],
         "xaxis": "x1",
         "y": [
          -0.3387647867202759,
          -0.6212015748023987,
          -0.2678699493408203,
          0.0789548009634018,
          0.35903188586235046,
          0.8910199999809265,
          1.5362333059310913,
          2.2740886211395264,
          2.5105133056640625,
          2.554839611053467,
          1.9534885883331299,
          1.733001470565796,
          1.3449351787567139,
          1.3503317832946777,
          1.072389841079712,
          0.7435277700424194,
          0.6500892639160156,
          0.6479570865631104,
          0.7325206995010376,
          0.7524693012237549,
          0.8348526358604431,
          0.46758967638015747,
          0.2265947461128235,
          0.16764891147613525,
          0.14339479804039001,
          -0.049852028489112854,
          -0.42466092109680176,
          -0.2980995774269104,
          -0.0035712867975234985,
          0.05130578577518463,
          0.3272444009780884,
          0.5451836585998535,
          0.5826101899147034,
          0.6997590661048889,
          0.8964918255805969,
          1.3107540607452393,
          1.263862133026123,
          1.3030864000320435,
          1.2286988496780396,
          1.1968443393707275,
          1.2547543048858643,
          1.5201659202575684,
          1.8406414985656738,
          1.8543701171875,
          2.3151943683624268,
          2.537071466445923,
          3.107685089111328,
          3.1378254890441895,
          2.8211352825164795,
          2.0513272285461426,
          1.3766400814056396,
          0.82029128074646,
          0.3576194643974304,
          0.06736786663532257,
          -0.1834850311279297,
          -0.032853588461875916
         ],
         "yaxis": "y1",
         "zmax": 0.1,
         "zmin": -0.1
        },
        {
         "colorbar": {
          "title": ""
         },
         "hoverinfo": "text",
         "legendgroup": "Sampled",
         "line": {
          "color": "rgba(0, 154, 250, 1.000)",
          "dash": "solid",
          "shape": "linear",
          "width": 1
         },
         "mode": "lines",
         "name": "Sampled",
         "showlegend": true,
         "text": [
          null,
          null,
          null,
          null,
          null,
          null,
          null,
          null,
          null,
          null,
          null,
          null,
          null,
          null,
          null,
          null,
          null,
          null,
          null,
          null,
          null,
          null,
          null,
          null,
          null,
          null,
          null,
          null
         ],
         "type": "scatter",
         "x": [
          1,
          2,
          3,
          4,
          5,
          6,
          7,
          8,
          9,
          10,
          11,
          12,
          13,
          14,
          15,
          16,
          17,
          18,
          19,
          20,
          21,
          22,
          23,
          24,
          25,
          26,
          27,
          28
         ],
         "xaxis": "x1",
         "y": [
          -0.18580918,
          -0.4023433,
          -0.100251034,
          0.21828713,
          0.5896616,
          1.1338301,
          1.7937802,
          2.547612,
          2.8241694,
          2.8312624,
          2.24528,
          2.024098,
          1.5996526,
          1.5954866,
          1.2962779,
          0.99914104,
          0.9234668,
          0.93832797,
          1.0178035,
          1.0081657,
          1.0728034,
          0.68204075,
          0.4631769,
          0.37512955,
          0.34428924,
          0.1386962,
          -0.18667756,
          -0.15083544
         ],
         "yaxis": "y1",
         "zmax": 0.1,
         "zmin": -0.1
        },
        {
         "colorbar": {
          "title": ""
         },
         "fill": "tozeroy",
         "fillcolor": "rgba(227, 111, 71, 0.300)",
         "hoverinfo": "text",
         "legendgroup": "Analytical solution",
         "line": {
          "color": "rgba(227, 111, 71, 1.000)",
          "dash": "solid",
          "shape": "linear",
          "width": 0
         },
         "mode": "lines",
         "name": "Analytical solution",
         "showlegend": false,
         "text": [
          null,
          null,
          null,
          null,
          null,
          null,
          null,
          null,
          null,
          null,
          null,
          null,
          null,
          null,
          null,
          null,
          null,
          null,
          null,
          null,
          null,
          null,
          null,
          null,
          null,
          null,
          null,
          null
         ],
         "type": "scatter",
         "x": [
          1,
          2,
          3,
          4,
          5,
          6,
          7,
          8,
          9,
          10,
          11,
          12,
          13,
          14,
          15,
          16,
          17,
          18,
          19,
          20,
          21,
          22,
          23,
          24,
          25,
          26,
          27,
          28,
          28,
          27,
          26,
          25,
          24,
          23,
          22,
          21,
          20,
          19,
          18,
          17,
          16,
          15,
          14,
          13,
          12,
          11,
          10,
          9,
          8,
          7,
          6,
          5,
          4,
          3,
          2,
          1
         ],
         "xaxis": "x1",
         "y": [
          -0.295121773545395,
          -0.54868848182416,
          -0.3193903489576665,
          -0.0656495312801727,
          0.33591853208196715,
          0.9292833546525624,
          1.6158380512100097,
          2.2132762791237277,
          2.5526521680361025,
          2.560081733603228,
          2.28681957426249,
          1.8493415077489446,
          1.378463440990463,
          0.9846929921530275,
          0.7345773522180794,
          0.6309289327617387,
          0.6305433679965509,
          0.6805886036054362,
          0.7330188115476357,
          0.7569593496212497,
          0.725799521166181,
          0.6125903267268227,
          0.42043395113932236,
          0.19475286122039437,
          -0.013185664694464333,
          -0.19990180912075464,
          -0.4454166001801565,
          -0.2557697138186014,
          0.1050765138186014,
          0.1265306001801565,
          0.19199970912075462,
          0.41498766469446435,
          0.7043091387796057,
          0.9566320488606775,
          1.1494176732731773,
          1.272910478833819,
          1.3287806503787503,
          1.3313611884523642,
          1.297257396394564,
          1.256964632003449,
          1.2638870672382614,
          1.3756826477819204,
          1.6360270078469723,
          2.0389965590095374,
          2.5142384922510552,
          2.94826042573751,
          3.208498266396772,
          3.1792078319638977,
          2.8146437208762722,
          2.1966619487899903,
          1.4926766453474376,
          0.8582134679180329,
          0.3641355312801727,
          0.06630434895766651,
          0.020762481824159906,
          0.06528577354539498
         ],
         "yaxis": "y1",
         "zmax": 0.1,
         "zmin": -0.1
        },
        {
         "colorbar": {
          "title": ""
         },
         "hoverinfo": "text",
         "legendgroup": "Analytical solution",
         "line": {
          "color": "rgba(227, 111, 71, 1.000)",
          "dash": "solid",
          "shape": "linear",
          "width": 1
         },
         "mode": "lines",
         "name": "Analytical solution",
         "showlegend": true,
         "text": [
          null,
          null,
          null,
          null,
          null,
          null,
          null,
          null,
          null,
          null,
          null,
          null,
          null,
          null,
          null,
          null,
          null,
          null,
          null,
          null,
          null,
          null,
          null,
          null,
          null,
          null,
          null,
          null
         ],
         "type": "scatter",
         "x": [
          1,
          2,
          3,
          4,
          5,
          6,
          7,
          8,
          9,
          10,
          11,
          12,
          13,
          14,
          15,
          16,
          17,
          18,
          19,
          20,
          21,
          22,
          23,
          24,
          25,
          26,
          27,
          28
         ],
         "xaxis": "x1",
         "y": [
          -0.114918,
          -0.263963,
          -0.126543,
          0.149243,
          0.597066,
          1.21098,
          1.90625,
          2.51396,
          2.86593,
          2.88429,
          2.61754,
